   0.0000000000000000        0.0000000000000000     
   4.0000000000000001E-002   2.6313042085580580     
   8.0000000000000002E-002   5.8065631958922355     
  0.12000000000000000        10.553510941827140     
  0.16000000000000000        20.189601914109236     
  0.20000000000000001        59.740019088008815     
  0.23999999999999999       -95.643850052268903     
  0.28000000000000003       -28.308971167779060     
  0.32000000000000001       -16.651659016664560     
  0.35999999999999999       -11.512794374165491     
  0.40000000000000002       -8.3908209297900740     
  0.44000000000000000       -6.0743399594536092     
  0.47999999999999998       -4.0361091614836448     
  0.52000000000000002       -1.8903045117205621     
  0.56000000000000005       0.91538339220539122     
  0.59999999999999998        5.8783853209922121     
  0.64000000000000001        21.650369377270827     
  0.68000000000000005       -115.39424993692937     
  0.71999999999999997       -23.386226602578624     
  0.76000000000000001       -14.737594030755478     
  0.80000000000000004       -11.333285923411646     
  0.83999999999999997       -9.4472314518747602     
  0.88000000000000000       -8.2159538487747419     
  0.92000000000000004       -7.3308677718229029     
  0.95999999999999996       -6.6534169232310587     
   1.0000000000000000       -6.1117009281249661     
   1.0400000000000000       -5.6644410904194107     
   1.0800000000000001       -5.2860903304248499     
   1.1200000000000001       -4.9599081591703005     
   1.1599999999999999       -4.6743919548224140     
   1.2000000000000000       -4.4213524733886667     
   1.2400000000000000       -4.1947701065400720     
   1.2800000000000000       -3.9900933106008276     
   1.3200000000000001       -3.8038265280209775     
   1.3600000000000001       -3.6332115447870166     
   1.4000000000000001       -3.4760469431161258     
   1.4399999999999999       -3.3305461828288849     
   1.4800000000000000       -3.1952435206855880     
   1.5200000000000000       -3.0689205994827762     
   1.5600000000000001       -2.9505557357515526     
   1.6000000000000001       -2.8392829146535421     
   1.6400000000000001       -2.7343644818993131     
   1.6799999999999999       -2.6351626969569963     
   1.7200000000000000       -2.5411334980279290     
   1.7600000000000000       -2.4517922709079452     
   1.8000000000000000       -2.3667169950476161     
   1.8400000000000001       -2.2855432583161144     
   1.8800000000000001       -2.2079413789109146     
   1.9199999999999999       -2.1336246522563398     
   1.9600000000000000       -2.0623269068584236     
   2.0000000000000000       -1.9938209801911402     
   2.0400000000000000       -1.9278938323518215     
   2.0800000000000001       -1.8643595122631906     
   2.1200000000000001       -1.8030460134005586     
   2.1600000000000001       -1.7437966930947002     
   2.2000000000000002       -1.6864718014637585     
   2.2400000000000002       -1.6309462088621909     
   2.2800000000000002       -1.5770975232640443     
   2.3199999999999998       -1.5248152997817483     
   2.3599999999999999       -1.4739987699827950     
   2.3999999999999999       -1.4245645630460266     
   2.4399999999999999       -1.3764203614947610     
   2.4800000000000000       -1.3294896629829016     
   2.5200000000000000       -1.2836995494687440     
   2.5600000000000001       -1.2389836774011291     
   2.6000000000000001       -1.1952753561700893     
   2.6400000000000001       -1.1525195665811607     
   2.6800000000000002       -1.1106540563467804     
   2.7200000000000002       -1.0696358666234713     
   2.7600000000000002       -1.0294111038507261     
   2.8000000000000003      -0.98994020614020450     
   2.8399999999999999      -0.95116935903399535     
   2.8799999999999999      -0.91306883404270511     
   2.9199999999999999      -0.87559647369033944     
   2.9600000000000000      -0.83871365354758676     
   3.0000000000000000      -0.80238456121379742     
   3.0400000000000000      -0.76658586379326943     
   3.0800000000000001      -0.73127715083118017     
   3.1200000000000001      -0.69643495993688198     
   3.1600000000000001      -0.66202848341502185     
   3.2000000000000002      -0.62802914638345864     
   3.2400000000000002      -0.59441267038145296     
   3.2800000000000002      -0.56115749669914328     
   3.3200000000000003      -0.52823549224823529     
   3.3599999999999999      -0.49562334554788845     
   3.3999999999999999      -0.46330456352467519     
   3.4399999999999999      -0.43125447472789413     
   3.4800000000000000      -0.39944806142607092     
   3.5200000000000000      -0.36787239902304358     
   3.5600000000000001      -0.33650390862614887     
   3.6000000000000001      -0.30532349451143415     
   3.6400000000000001      -0.27431351211792865     
   3.6800000000000002      -0.24345733524573665     
   3.7200000000000002      -0.21273289533521478     
   3.7600000000000002      -0.18212945094368627     
   3.8000000000000003      -0.15162422649945750     
   3.8399999999999999      -0.12119842704607275     
   3.8799999999999999       -9.0841270520097800E-002
   3.9199999999999999       -6.0534474513052550E-002
   3.9600000000000000       -3.0257986769540432E-002
   4.0000000000000000       -2.3516393209119813E-013
   4.0400000000000000        3.0257986767337666E-002
   4.0800000000000001        6.0534474514098824E-002
   4.1200000000000001        9.0841270520809758E-002
   4.1600000000000001       0.12119842704631972     
   4.2000000000000002       0.15162422649963903     
   4.2400000000000002       0.18212945094460714     
   4.2800000000000002       0.21273289533577211     
   4.3200000000000003       0.24345733524500179     
   4.3600000000000003       0.27431351211884114     
   4.4000000000000004       0.30532349451011687     
   4.4400000000000004       0.33650390862510882     
   4.4800000000000004       0.36787239902308733     
   4.5200000000000005       0.39944806142660561     
   4.5600000000000005       0.43125447472754574     
   4.6000000000000005       0.46330456352390448     
   4.6399999999999997       0.49562334554781340     
   4.6799999999999997       0.52823549224828237     
   4.7199999999999998       0.56115749670050308     
   4.7599999999999998       0.59441267038123957     
   4.7999999999999998       0.62802914638283713     
   4.8399999999999999       0.66202848341587650     
   4.8799999999999999       0.69643495993699078     
   4.9199999999999999       0.73127715083281442     
   4.9600000000000000       0.76658586379506533     
   5.0000000000000000       0.80238456121346968     
   5.0400000000000000       0.83871365354707561     
   5.0800000000000001       0.87559647369250149     
   5.1200000000000001       0.91306883404240735     
   5.1600000000000001       0.95116935903369582     
   5.2000000000000002       0.98994020614167066     
   5.2400000000000002        1.0294111038500822     
   5.2800000000000002        1.0696358666230126     
   5.3200000000000003        1.1106540563456431     
   5.3600000000000003        1.1525195665812586     
   5.4000000000000004        1.1952753561702978     
   5.4400000000000004        1.2389836774003316     
   5.4800000000000004        1.2836995494685577     
   5.5200000000000005        1.3294896629826107     
   5.5600000000000005        1.3764203614949984     
   5.6000000000000005        1.4245645630476247     
   5.6399999999999997        1.4739987699821864     
   5.6799999999999997        1.5248152997804005     
   5.7199999999999998        1.5770975232650366     
   5.7599999999999998        1.6309462088624040     
   5.7999999999999998        1.6864718014627051     
   5.8399999999999999        1.7437966930927951     
   5.8799999999999999        1.8030460134003112     
   5.9199999999999999        1.8643595122611998     
   5.9600000000000000        1.9278938323525237     
   6.0000000000000000        1.9938209801907349     
   6.0400000000000000        2.0623269068587566     
   6.0800000000000001        2.1336246522573261     
   6.1200000000000001        2.2079413789095610     
   6.1600000000000001        2.2855432583157818     
   6.2000000000000002        2.3667169950485034     
   6.2400000000000002        2.4517922709082862     
   6.2800000000000002        2.5411334980275733     
   6.3200000000000003        2.6351626969566784     
   6.3600000000000003        2.7343644818975492     
   6.4000000000000004        2.8392829146550138     
   6.4400000000000004        2.9505557357514425     
   6.4800000000000004        3.0689205994846751     
   6.5200000000000005        3.1952435206842358     
   6.5600000000000005        3.3305461828300311     
   6.6000000000000005        3.4760469431154837     
   6.6400000000000006        3.6332115447886926     
   6.6799999999999997        3.8038265280224577     
   6.7199999999999998        3.9900933106034397     
   6.7599999999999998        4.1947701065393712     
   6.7999999999999998        4.4213524733893186     
   6.8399999999999999        4.6743919548225641     
   6.8799999999999999        4.9599081591689238     
   6.9199999999999999        5.2860903304270543     
   6.9600000000000000        5.6644410904197535     
   7.0000000000000000        6.1117009281262717     
   7.0400000000000000        6.6534169232325793     
   7.0800000000000001        7.3308677718226507     
   7.1200000000000001        8.2159538487740775     
   7.1600000000000001        9.4472314518727174     
   7.2000000000000002        11.333285923412173     
   7.2400000000000002        14.737594030754497     
   7.2800000000000002        23.386226602583097     
   7.3200000000000003        115.39424993693396     
   7.3600000000000003       -21.650369377274266     
   7.4000000000000004       -5.8783853209948571     
   7.4400000000000004      -0.91538339220478049     
   7.4800000000000004        1.8903045117210273     
   7.5200000000000005        4.0361091614852436     
   7.5600000000000005        6.0743399594525407     
   7.6000000000000005        8.3908209297899088     
   7.6400000000000006        11.512794374166013     
   7.6799999999999997        16.651659016665523     
   7.7199999999999998        28.308971167780232     
   7.7599999999999998        95.643850052254706     
   7.7999999999999998       -59.740019088000295     
   7.8399999999999999       -20.189601914103665     
   7.8799999999999999       -10.553510941821745     
   7.9199999999999999       -5.8065631958945749     
   7.9600000000000000       -2.6313042085589506     
