   0.0000000000000000        39.371096372604370     
   4.0000000000000001E-002   40.713043143831804     
   8.0000000000000002E-002   45.332522596215753     
  0.12000000000000000        55.807620200842763     
  0.16000000000000000        81.998843124941658     
  0.20000000000000001        200.69759344084474     
  0.23999999999999999       -280.27233041052864     
  0.28000000000000003       -75.637669666044857     
  0.32000000000000001       -42.334020347689460     
  0.35999999999999999       -29.194337873726724     
  0.40000000000000002       -22.528744514045705     
  0.44000000000000000       -18.853391265697883     
  0.47999999999999998       -16.964850350013524     
  0.52000000000000002       -16.509402872612981     
  0.56000000000000005       -17.784837078338491     
  0.59999999999999998       -22.587220163970905     
  0.64000000000000001       -42.661973507084511     
  0.68000000000000005        147.30743343860428     
  0.71999999999999997        21.794118472924183     
  0.76000000000000001        10.846036797579892     
  0.80000000000000004        6.9827874808301100     
  0.83999999999999997        5.1022487826056127     
  0.88000000000000000        4.0358423804118155     
  0.92000000000000004        3.3740903182789719     
  0.95999999999999996        2.9381939255993190     
   1.0000000000000000        2.6386192718452808     
   1.0400000000000000        2.4260950183074712     
   1.0800000000000001        2.2715945762609033     
   1.1200000000000001        2.1570757880260123     
   1.1599999999999999        2.0708672145058014     
   1.2000000000000000        2.0051486098940527     
   1.2400000000000000        1.9545413960340714     
   1.2800000000000000        1.9152530133644503     
   1.3200000000000001        1.8845562091216987     
   1.3600000000000001        1.8604564381733280     
   1.4000000000000001        1.8414757172322409     
   1.4399999999999999        1.8265009936991472     
   1.4800000000000000        1.8146805749078294     
   1.5200000000000000        1.8053659087761789     
   1.5600000000000001        1.7980540913428886     
   1.6000000000000001        1.7923429797880965     
   1.6400000000000001        1.7879257975348115     
   1.6799999999999999        1.7845527368969685     
   1.7200000000000000        1.7820217735263668     
   1.7600000000000000        1.7801815147195947     
   1.8000000000000000        1.7788973457692965     
   1.8400000000000001        1.7780668563255071     
   1.8800000000000001        1.7776063027943312     
   1.9199999999999999        1.7774450042117225     
   1.9600000000000000        1.7775266679735948     
   2.0000000000000000        1.7778031080964083     
   2.0400000000000000        1.7782382685991431     
   2.0800000000000001        1.7787965292233889     
   2.1200000000000001        1.7794553704211555     
   2.1600000000000001        1.7801916011368084     
   2.2000000000000002        1.7809855106813108     
   2.2400000000000002        1.7818214314689735     
   2.2800000000000002        1.7826901106201420     
   2.3199999999999998        1.7835785104495856     
   2.3599999999999999        1.7844779608811705     
   2.3999999999999999        1.7853827120080994     
   2.4399999999999999        1.7862863637063828     
   2.4800000000000000        1.7871811789496297     
   2.5200000000000000        1.7880679308863821     
   2.5600000000000001        1.7889402887142882     
   2.6000000000000001        1.7897947644009484     
   2.6400000000000001        1.7906314821515410     
   2.6800000000000002        1.7914480634522998     
   2.7200000000000002        1.7922413879018673     
   2.7600000000000002        1.7930118837402964     
   2.8000000000000003        1.7937562993760268     
   2.8399999999999999        1.7944781402562362     
   2.8799999999999999        1.7951732574763648     
   2.9199999999999999        1.7958432691342883     
   2.9600000000000000        1.7964863660352657     
   3.0000000000000000        1.7971052846009412     
   3.0400000000000000        1.7976966338430296     
   3.0800000000000001        1.7982619653799459     
   3.1200000000000001        1.7988003894717641     
   3.1600000000000001        1.7993146407171701     
   3.2000000000000002        1.7998013306869458     
   3.2400000000000002        1.8002629305427922     
   3.2800000000000002        1.8006994060888708     
   3.3200000000000003        1.8011115197392416     
   3.3599999999999999        1.8014960931530608     
   3.3999999999999999        1.8018593176615503     
   3.4399999999999999        1.8021961375600375     
   3.4800000000000000        1.8025090708770022     
   3.5200000000000000        1.8027974907211664     
   3.5600000000000001        1.8030630965635095     
   3.6000000000000001        1.8033036854651350     
   3.6400000000000001        1.8035210884455961     
   3.6800000000000002        1.8037144646093015     
   3.7200000000000002        1.8038867446832254     
   3.7600000000000002        1.8040330332924512     
   3.8000000000000003        1.8041593359156405     
   3.8399999999999999        1.8042605259812925     
   3.8799999999999999        1.8043396122505757     
   3.9199999999999999        1.8043962762744608     
   3.9600000000000000        1.8044307576448313     
   4.0000000000000000        1.8044426739215851     
   4.0400000000000000        1.8044307576451670     
   4.0800000000000001        1.8043962762744865     
   4.1200000000000001        1.8043396122497493     
   4.1600000000000001        1.8042605259810589     
   4.2000000000000002        1.8041593359164909     
   4.2400000000000002        1.8040330332929511     
   4.2800000000000002        1.8038867446817830     
   4.3200000000000003        1.8037144646115011     
   4.3600000000000003        1.8035210884462349     
   4.4000000000000004        1.8033036854676261     
   4.4400000000000004        1.8030630965617935     
   4.4800000000000004        1.8027974907211750     
   4.5200000000000005        1.8025090708769032     
   4.5600000000000005        1.8021961375599675     
   4.6000000000000005        1.8018593176614306     
   4.6399999999999997        1.8014960931516726     
   4.6799999999999997        1.8011115197414385     
   4.7199999999999998        1.8006994060876829     
   4.7599999999999998        1.8002629305413302     
   4.7999999999999998        1.7998013306865230     
   4.8399999999999999        1.7993146407151372     
   4.8799999999999999        1.7988003894703408     
   4.9199999999999999        1.7982619653783720     
   4.9600000000000000        1.7976966338447540     
   5.0000000000000000        1.7971052846029618     
   5.0400000000000000        1.7964863660341426     
   5.0800000000000001        1.7958432691345732     
   5.1200000000000001        1.7951732574764963     
   5.1600000000000001        1.7944781402563605     
   5.2000000000000002        1.7937562993786509     
   5.2400000000000002        1.7930118837409696     
   5.2800000000000002        1.7922413879005135     
   5.3200000000000003        1.7914480634534768     
   5.3600000000000003        1.7906314821517946     
   5.4000000000000004        1.7897947643988532     
   5.4400000000000004        1.7889402887152084     
   5.4800000000000004        1.7880679308868794     
   5.5200000000000005        1.7871811789485164     
   5.5600000000000005        1.7862863637071391     
   5.6000000000000005        1.7853827120049670     
   5.6399999999999997        1.7844779608824417     
   5.6799999999999997        1.7835785104501074     
   5.7199999999999998        1.7826901106198352     
   5.7599999999999998        1.7818214314699876     
   5.7999999999999998        1.7809855106828874     
   5.8399999999999999        1.7801916011373364     
   5.8799999999999999        1.7794553704199789     
   5.9199999999999999        1.7787965292263990     
   5.9600000000000000        1.7782382685992628     
   6.0000000000000000        1.7778031080951020     
   6.0400000000000000        1.7775266679729438     
   6.0800000000000001        1.7774450042126122     
   6.1200000000000001        1.7776063027937565     
   6.1600000000000001        1.7780668563276256     
   6.2000000000000002        1.7788973457686112     
   6.2400000000000002        1.7801815147187046     
   6.2800000000000002        1.7820217735261836     
   6.3200000000000003        1.7845527368962302     
   6.3600000000000003        1.7879257975363303     
   6.4000000000000004        1.7923429797884003     
   6.4400000000000004        1.7980540913411658     
   6.4800000000000004        1.8053659087755658     
   6.5200000000000005        1.8146805749062271     
   6.5600000000000005        1.8265009936994994     
   6.6000000000000005        1.8414757172328033     
   6.6400000000000006        1.8604564381748365     
   6.6799999999999997        1.8845562091245796     
   6.7199999999999998        1.9152530133618291     
   6.7599999999999998        1.9545413960341593     
   6.7999999999999998        2.0051486098933253     
   6.8399999999999999        2.0708672145050535     
   6.8799999999999999        2.1570757880258475     
   6.9199999999999999        2.2715945762571970     
   6.9600000000000000        2.4260950183096504     
   7.0000000000000000        2.6386192718475368     
   7.0400000000000000        2.9381939255984451     
   7.0800000000000001        3.3740903182791095     
   7.1200000000000001        4.0358423804119132     
   7.1600000000000001        5.1022487826061207     
   7.2000000000000002        6.9827874808315151     
   7.2400000000000002        10.846036797580521     
   7.2800000000000002        21.794118472923245     
   7.3200000000000003        147.30743343859976     
   7.3600000000000003       -42.661973507086643     
   7.4000000000000004       -22.587220163970624     
   7.4400000000000004       -17.784837078342203     
   7.4800000000000004       -16.509402872612235     
   7.5200000000000005       -16.964850350013187     
   7.5600000000000005       -18.853391265696537     
   7.6000000000000005       -22.528744514046327     
   7.6400000000000006       -29.194337873727353     
   7.6799999999999997       -42.334020347688259     
   7.7199999999999998       -75.637669666046108     
   7.7599999999999998       -280.27233041052648     
   7.7999999999999998        200.69759344085622     
   7.8399999999999999        81.998843124941573     
   7.8799999999999999        55.807620200846713     
   7.9199999999999999        45.332522596214091     
   7.9600000000000000        40.713043143831541     
